VoyageurCommerce1 :
	VPRA25.dat : 0.448000  -  0.436000   -   0.448000
	VPRA50.dat : 94.812000  -  93.116000  -  92.628000

VoyageurCommerce2 :
	VPRA25.dat : 0.472000  -  0.492000  -  0.468000
	VPRA50.dat : 93.248000  -  93.356000  -  93.776000

VoyageurCommerce2opti :
	VPRA25.dat : 0.480000
	VPRA50.dat : 93.54000
